SGTE
0ZERO                         1
  0.60000000E+04  0.00000000E+00  0.00000000E+00  0.00000000E+00  0.00000000E+00  0.00000000E+00  0.00000000E+00    0.0
 0.00000000E+00  0.0 0.00000000E+00  0.0 0.00000000E+00  0.0 0.00000000E+00  0.0 0.00000000E+00  0.0 0.00000000E+00  0.0
GHSERLI                       3
  4.53600000E+02 -2.52959397E+03  5.20165966E+01 -9.30700100E+00  8.47679895E-03 -4.74900100E-06  3.82394737E+04    0.0
 0.00000000E+00  0.0 0.00000000E+00  0.0 0.00000000E+00  0.0 0.00000000E+00  0.0 0.00000000E+00  0.0 0.00000000E+00  0.0
  5.00000000E+02 -1.33742622E+05  2.52100379E+03 -4.07000156E+02  5.39753690E-01 -1.36488069E-04  8.09891825E+06    0.0
 0.00000000E+00  0.0 0.00000000E+00  0.0 0.00000000E+00  0.0 0.00000000E+00  0.0 0.00000000E+00  0.0 0.00000000E+00  0.0
  3.00000000E+03 -2.16610855E+03  4.28485284E+01 -7.46376099E+00  6.29353924E-04 -1.04699375E-07 -2.44710703E+04    0.0
 0.00000000E+00  0.0 0.00000000E+00  0.0 0.00000000E+00  0.0 0.00000000E+00  0.0 0.00000000E+00  0.0 0.00000000E+00  0.0
GHSERMG                       2
  0.92300000E+03 -0.19998425E+04  0.34339280E+02 -0.62583600E+01  0.11610899E-03 -0.33309489E-06  0.18869503E+05    0.0
 0.00000000E+00  0.0 0.00000000E+00  0.0 0.00000000E+00  0.0 0.00000000E+00  0.0 0.00000000E+00  0.0 0.00000000E+00  0.0
  0.30000000E+04 -0.33771955E+04  0.48928350E+02 -0.82000000E+01  0.00000000E+00  0.00000000E+00  0.00000000E+00    0.0
 0.24813384E+28 -9.0 0.00000000E+00  0.0 0.00000000E+00  0.0 0.00000000E+00  0.0 0.00000000E+00  0.0 0.00000000E+00  0.0
GHSERSN                       4
  0.25000000E+03 -0.19021312E+04  0.29337961E+02 -0.61802103E+01  0.12233509E-03 -0.76308963E-06  0.44072658E+04    0.0
 0.00000000E+00  7.0 0.00000000E+00 -9.0 0.00000000E+00  0.0 0.00000000E+00  0.0 0.00000000E+00  0.0 0.00000000E+00  0.0
  0.50508000E+03 -0.13994109E+04  0.15637641E+02 -0.38147706E+01 -0.45100860E-02  0.74597682E-06 -0.14808795E+05    0.0
 0.00000000E+00  7.0 0.00000000E+00 -9.0 0.00000000E+00  0.0 0.00000000E+00  0.0 0.00000000E+00  0.0 0.00000000E+00  0.0
  0.80000000E+03  0.60342352E+03  0.95359584E+00 -0.19739600E+01 -0.40187450E-02  0.62694336E-06 -0.25842352E+06    0.0
-0.29414436E+25 -9.0 0.00000000E+00  7.0 0.00000000E+00  0.0 0.00000000E+00  0.0 0.00000000E+00  0.0 0.00000000E+00  0.0
  0.30000000E+04 -0.19734606E+04  0.33217365E+02 -0.68000000E+01  0.00000000E+00  0.00000000E+00  0.00000000E+00    0.0
-0.29414436E+25 -9.0 0.00000000E+00  7.0 0.00000000E+00  0.0 0.00000000E+00  0.0 0.00000000E+00  0.0 0.00000000E+00  0.0
GFCCSN                        3
  2.50000000E+02 -9.10257468E+02  2.80988172E+01 -6.18021033E+00  1.22335086E-04 -7.63089627E-07  4.40726577E+03    0.0
 0.00000000E+00  0.0 0.00000000E+00  0.0 0.00000000E+00  0.0 0.00000000E+00  0.0 0.00000000E+00  0.0 0.00000000E+00  0.0
  1.00000000E+03 -4.07537030E+02  1.43984978E+01 -3.81477055E+00 -4.51008604E-03  7.45976816E-07 -1.48087954E+04    0.0
 0.00000000E+00  0.0 0.00000000E+00  0.0 0.00000000E+00  0.0 0.00000000E+00  0.0 0.00000000E+00  0.0 0.00000000E+00  0.0
  3.00000000E+03 -1.99287498E+03  4.37999734E+01 -8.38862333E+00  0.00000000E+00  0.00000000E+00  0.00000000E+00    0.0
 0.00000000E+00  0.0 0.00000000E+00  0.0 0.00000000E+00  0.0 0.00000000E+00  0.0 0.00000000E+00  0.0 0.00000000E+00  0.0
GBCCMG                        2
  9.23000000E+02 -1.25892447E+03  3.38373678E+01 -6.25835999E+00  1.16108987E-04 -3.33094885E-07  1.88695029E+04    0.0
 0.00000000E+00  0.0 0.00000000E+00  0.0 0.00000000E+00  0.0 0.00000000E+00  0.0 0.00000000E+00  0.0 0.00000000E+00  0.0
  3.00000000E+03 -2.63627747E+03  4.84264380E+01 -8.20000000E+00  0.00000000E+00  0.00000000E+00  0.00000000E+00    0.0
 2.48133843E+27 -9.0 0.00000000E+00  0.0 0.00000000E+00  0.0 0.00000000E+00  0.0 0.00000000E+00  0.0 0.00000000E+00  0.0
BCC_087                       1
  0.30000000E+04  0.74091778E+03 -0.50191205E+00  0.00000000E+00  0.00000000E+00  0.00000000E+00  0.00000000E+00    0.0
 0.00000000E+00  7.0 0.00000000E+00 -9.0 0.00000000E+00  0.0 0.00000000E+00  0.0 0.00000000E+00  0.0 0.00000000E+00  0.0
BCC_165                       1
  0.30000000E+04  0.10516252E+04 -0.14340344E+01  0.00000000E+00  0.00000000E+00  0.00000000E+00  0.00000000E+00    0.0
 0.00000000E+00  7.0 0.00000000E+00 -9.0 0.00000000E+00  0.0 0.00000000E+00  0.0 0.00000000E+00  0.0 0.00000000E+00  0.0
HCP_075                       1
  0.30000000E+04 -0.36806883E+02  0.47801147E+00  0.00000000E+00  0.00000000E+00  0.00000000E+00  0.00000000E+00    0.0
 0.00000000E+00  7.0 0.00000000E+00 -9.0 0.00000000E+00  0.0 0.00000000E+00  0.0 0.00000000E+00  0.0 0.00000000E+00  0.0
HCP_132                       1
  0.60000000E+04  0.93212237E+03 -0.10516252E+01  0.00000000E+00  0.00000000E+00  0.00000000E+00  0.00000000E+00    0.0
 0.00000000E+00  7.0 0.00000000E+00 -9.0 0.00000000E+00  0.0 0.00000000E+00  0.0 0.00000000E+00  0.0 0.00000000E+00  0.0
G_A                           1
  6.00000000E+03  1.00000000E+00  0.00000000E+00  0.00000000E+00  0.00000000E+00  0.00000000E+00  0.00000000E+00    0.0 [2008Kan] 1cal for general use
 0.00000000E+00  0.0 0.00000000E+00  0.0 0.00000000E+00  0.0 0.00000000E+00  0.0 0.00000000E+00  0.0 0.00000000E+00  0.0
G_BT                          1
  6.00000000E+03  0.00000000E+00  1.00000000E+00  0.00000000E+00  0.00000000E+00  0.00000000E+00  0.00000000E+00    0.0 [2008Kan] 1T cal for general use
 0.00000000E+00  0.0 0.00000000E+00  0.0 0.00000000E+00  0.0 0.00000000E+00  0.0 0.00000000E+00  0.0 0.00000000E+00  0.0
GLi2Sn                        1
  6.00000000E+03 -0.90000000E+04  0.00000000E+01 -0.00000000E+01 -0.00000000E-03  0.00000000E-08  0.00000000E+04    0.0 [2012Jian]
 0.00000000E+00  0.0 0.00000000E+00  0.0 0.00000000E+00  0.0 0.00000000E+00  0.0 0.00000000E+00  0.0 0.00000000E+00  0.0
GMG2SN2                       1
  6.00000000E+03  0.35850860E+04  0.00000000E+01 -0.00000000E+01 -0.00000000E-03  0.00000000E-08  0.00000000E+04    0.0 [2012Jian]
 0.00000000E+00  0.0 0.00000000E+00  0.0 0.00000000E+00  0.0 0.00000000E+00  0.0 0.00000000E+00  0.0 0.00000000E+00  0.0
GLi22Sn5                     5
  2.50000000E+02 -3.01778240E+05  1.32268123E+03 -2.35655052E+02  1.87101274E-01 -1.08293448E-04  8.63304971E+05    0.0
 0.00000000E+00  0.0 0.00000000E+00  0.0 0.00000000E+00  0.0 0.00000000E+00  0.0 0.00000000E+00  0.0 0.00000000E+00  0.0
  4.53600000E+02 -2.99264638E+05  1.25417963E+03 -2.23827853E+02  1.63939169E-01 -1.00748116E-04  7.67224665E+05    0.0
 0.00000000E+00  0.0 0.00000000E+00  0.0 0.00000000E+00  0.0 0.00000000E+00  0.0 0.00000000E+00  0.0 0.00000000E+00  0.0
  1.00000000E+03 -3.06936754E+05  1.13737586E+03 -1.92276530E+02 -2.19775574E-02  3.68908102E-06  1.49866157E+06    0.0
 0.00000000E+00  0.0 0.00000000E+00  0.0 0.00000000E+00  0.0 0.00000000E+00  0.0 0.00000000E+00  0.0 0.00000000E+00  0.0
  2.00000000E+03 -3.14863443E+05  1.28438323E+03 -2.15145793E+02  5.72872849E-04 -4.08030593E-08  1.57270554E+06    0.0
 0.00000000E+00  0.0 0.00000000E+00  0.0 0.00000000E+00  0.0 0.00000000E+00  0.0 0.00000000E+00  0.0 0.00000000E+00  0.0
  3.00000000E+03 -3.14863443E+05  1.28438323E+03 -2.15145793E+02  5.72872849E-04 -4.08030593E-08  1.57270554E+06    0.0
 0.00000000E+00  0.0 0.00000000E+00  0.0 0.00000000E+00  0.0 0.00000000E+00  0.0 0.00000000E+00  0.0 0.00000000E+00  0.0
GMg22Sn5                     4
  2.50000000E+02 -5.35090036E+04  9.02178705E+02 -1.68584971E+02  3.16607314E-03 -1.11435356E-05  4.37165392E+05    0.0
 0.00000000E+00  0.0 0.00000000E+00  0.0 0.00000000E+00  0.0 0.00000000E+00  0.0 0.00000000E+00  0.0 0.00000000E+00  0.0
  5.05080000E+02 -5.09954014E+04  8.33677108E+02 -1.56757773E+02 -1.99960325E-02 -3.59820339E-06  3.41085086E+05    0.0
 0.00000000E+00  0.0 0.00000000E+00  0.0 0.00000000E+00  0.0 0.00000000E+00  0.0 0.00000000E+00  0.0 0.00000000E+00  0.0
  9.23000000E+02 -5.75262117E+04  9.58812333E+02 -1.76701606E+02  2.92133126E-03 -7.35374076E-06  6.78513384E+05    0.0
 0.00000000E+00  0.0 0.00000000E+00  0.0 0.00000000E+00  0.0 0.00000000E+00  0.0 0.00000000E+00  0.0 0.00000000E+00  0.0
  3.00000000E+03 -8.78279777E+04  1.27977188E+03 -2.19417686E+02  3.66933556E-04 -2.56532823E-08  2.63384321E+05    0.0
 5.45894455E+28 -9.0 0.00000000E+00  0.0 0.00000000E+00  0.0 0.00000000E+00  0.0 0.00000000E+00  0.0 0.00000000E+00  0.0
GLi2MgSn                      1
  9.60000000E+03 -3.48183500E+04  1.80000000E+00  0.00000000E+00  0.00000000E+00  0.00000000E+00  0.00000000E+00    0.0 [2010Jian]
 0.00000000E+00  0.0 0.00000000E+00  0.0 0.00000000E+00  0.0 0.00000000E+00  0.0 0.00000000E+00  0.0 0.00000000E+00  0.0
GLi2LiLi                      1
  9.60000000E+03  0.00000000E+04  0.00000000E+00  0.00000000E+00  0.00000000E+00  0.00000000E+00  0.00000000E+00    0.0 [2010Jian]
 0.00000000E+00  0.0 0.00000000E+00  0.0 0.00000000E+00  0.0 0.00000000E+00  0.0 0.00000000E+00  0.0 0.00000000E+00  0.0
GLi2LiSn                      1
  9.60000000E+03 -0.00000000E+04  0.00000000E+00  0.00000000E+00  0.00000000E+00  0.00000000E+00  0.00000000E+00    0.0 [2010Jian]
 0.00000000E+00  0.0 0.00000000E+00  0.0 0.00000000E+00  0.0 0.00000000E+00  0.0 0.00000000E+00  0.0 0.00000000E+00  0.0
GLi2MgLi                      1
  9.60000000E+03 -0.00000000E+04  0.00000000E+00  0.00000000E+00  0.00000000E+00  0.00000000E+00  0.00000000E+00    0.0 [2010Jian]
 0.00000000E+00  0.0 0.00000000E+00  0.0 0.00000000E+00  0.0 0.00000000E+00  0.0 0.00000000E+00  0.0 0.00000000E+00  0.0
GNEWLI                        2
  4.53600000E+02 -2.52959297E+03  5.20166066E+01 -9.30700000E+00  8.47679995E-03 -4.74900000E-06  3.82394837E+04    0.0
 0.00000000E+00  0.0 0.00000000E+00  0.0 0.00000000E+00  0.0 0.00000000E+00  0.0 0.00000000E+00  0.0 0.00000000E+00  0.0
  3.00000000E+03 -2.87832549E+03  4.67073439E+01 -7.87284895E+00  2.60396750E-05 -1.85468451E-09  7.14866157E+04    0.0
 0.00000000E+00  0.0 0.00000000E+00  0.0 0.00000000E+00  0.0 0.00000000E+00  0.0 0.00000000E+00  0.0 0.00000000E+00  0.0
GNEWSN                        3
  2.50000000E+02 -1.90213127E+03  2.93416471E+01 -6.18021033E+00  1.22335086E-04 -7.63089627E-07  4.40726577E+03    0.0
 0.00000000E+00  0.0 0.00000000E+00  0.0 0.00000000E+00  0.0 0.00000000E+00  0.0 0.00000000E+00  0.0 0.00000000E+00  0.0
  1.00000000E+03 -1.39941084E+03  1.56413277E+01 -3.81477055E+00 -4.51008604E-03  7.45976816E-07 -1.48087954E+04    0.0
 0.00000000E+00  0.0 0.00000000E+00  0.0 0.00000000E+00  0.0 0.00000000E+00  0.0 0.00000000E+00  0.0 0.00000000E+00  0.0
  2.00000000E+03 -2.98474879E+03  4.50428032E+01 -8.38862333E+00  0.00000000E+00  0.00000000E+00  0.00000000E+00    0.0
 0.00000000E+00  0.0 0.00000000E+00  0.0 0.00000000E+00  0.0 0.00000000E+00  0.0 0.00000000E+00  0.0 0.00000000E+00  0.0
GMg2Sn                        1
  6.00000000E+03 -2.45195576E+04  8.78350049E+01 -1.63315010E+01 -4.27786807E-03  7.97870459E-08  2.29302103E+04    0.0
 0.00000000E+00  0.0 0.00000000E+00  0.0 0.00000000E+00  0.0 0.00000000E+00  0.0 0.00000000E+00  0.0 0.00000000E+00  0.0
ENDF SGTE

FILE    1Liqu  Oct 2009       99  3  0 13  0  0  4 0.00000000E+00 0.00000000E+00   4.000  3   6    0
Liquid metal
(Use [I]-option)
 1Li                          1 3 0 0 0 0 0 0 0 1 0 0 0 0 0 0 0 0.10E+01  0  1  4 0.000E+00
 2Mg                          112 0 0 0 0 0 0 0 1 0 0 0 0 0 0 0 0.10E+01  0  2  4 0.000E+00
 3Sn                          150 0 0 0 0 0 0 0 1 0 0 0 0 0 0 0 0.10E+01  0  3  4 0.000E+00
 1 Li
   1   4   1   1   0  1.000   1.000 0.00000000E+00 0.00000000E+00 0.53400000E+00 0.000000E+00 0.000000E+00 0.000000E+00
   1.000   0.000   0.000   0.000   0.000   0.000   0.000   0.000   0.000 
 2 Mg
   2   4   1   1   0  1.000   1.000 0.00000000E+00 0.00000000E+00 1.74000000E+00 0.000000E+00 0.000000E+00 0.000000E+00
   0.000   1.000   0.000   0.000   0.000   0.000   0.000   0.000   0.000  
 3 Sn
   3   4   1   1   0  1.000   1.000 0.00000000E+00 0.00000000E+00 7.28000000E+00 0.000000E+00 0.000000E+00 0.000000E+00
   0.000   0.000   1.000   0.000   0.000   0.000   0.000   0.000   0.000 
 1 Lithium                    3    LABVBASE  1 0
  0.00000000E+00  0.00000000E+00  0.00000000E+00  0.00000000E+00  0.00000000E+00  0.00000000E+00  0.00000000E+00    0.0
  0.00000000E+00  0.00000000E+00    0.0000    0.0000    0.0000    0.0000
  0.64536471E+00  0.83450343E+01  0.93070000E+01 -0.16953600E+02 -0.76478967E+00  0.28494000E+02  0.25000000E+03  0.547
 0.00000000E+00  0.0 0.00000000E+00  0.0 0.00000000E+00  0.0 0.00000000E+00 0.00000000E+00 0.00000000E+00 0.00000000E+00
  0.64913833E+00  0.83582808E+01 -0.14725249E+02  0.87201942E+02  0.26767113E+01 -0.91714633E+02  0.45360000E+03  0.547
 0.00000000E+00  0.0 0.00000000E+00  0.0 0.00000000E+00  0.0 0.00000000E+00 0.00000000E+00 0.00000000E+00 0.00000000E+00
  0.56303992E+00  0.81017434E+01  0.74637600E+01 -0.12587098E+01  0.48942161E+00  0.62819025E+00  0.30000000E+04  0.547
 0.00000000E+00  0.0 0.00000000E+00  0.0 0.00000000E+00  0.0 0.00000000E+00 0.00000000E+00 0.00000000E+00 0.00000000E+00
V P  0  0  0  0  0  0 0 0 0 0 1.31441083E+01 4.91604215E-05 9.20047870E-08 8.96182863E-02-1.91380377E+01 0.00000000E+00
 0.00000000E+00  0.0 0.00000000E+00  0.0 0.00000000E+00  0.0 0.00000000E+00  0.0 0.00000000E+00  0.0 0.00000000E+00  0.0
 2 Magnesium                  2    SGTEBASE  1 0
  0.00000000E+00  0.00000000E+00  0.00000000E+00  0.00000000E+00  0.00000000E+00  0.00000000E+00  0.00000000E+00    0.0
  0.00000000E+00  0.00000000E+00    0.0000    0.0000    0.0000    0.0000
  0.19604077E+01  0.99207297E+01  0.62583600E+01 -0.23221797E+00 -0.37739006E+00  0.19986123E+01  0.92300000E+03    1.7
 0.80482600E-18  6.0 0.00000000E+00  0.0 0.00000000E+00  0.0 0.00000000E+00 0.00000000E+00 0.00000000E+00 0.00000000E+00
  0.11446814E+01  0.82367413E+01  0.82000000E+01  0.00000000E+00  0.00000000E+00  0.00000000E+00  0.30000000E+04    1.7
 0.00000000E+00  0.0 0.00000000E+00  0.0 0.00000000E+00  0.0 0.00000000E+00 0.00000000E+00 0.00000000E+00 0.00000000E+00
V P  0  0  0  0  0  0 0 0 0 0 1.40697171E+01 8.83511040E-05 4.87428179E-08 3.86325150E-02-8.16424783E+00 0.00000000E+00
 0.00000000E+00  0.0 0.00000000E+00  0.0 0.00000000E+00  0.0 0.00000000E+00  0.0 0.00000000E+00  0.0 0.00000000E+00  0.0
 3 Tin                        4    LABVBASE  1 0
  0.00000000E+00  0.00000000E+00  0.00000000E+00  0.00000000E+00  0.00000000E+00  0.00000000E+00  0.00000000E+00    0.0
  0.00000000E+00  0.00000000E+00    0.0000    0.0000    0.0000    0.0000
  0.16968751E+01  0.15596370E+02  0.61802103E+01 -0.24467017E+00 -0.88145315E-01  0.45785378E+01  0.25000000E+03  7.110
-0.14759326E-16  6.0 0.00000000E+00  0.0 0.00000000E+00  0.0 0.00000000E+00 0.00000000E+00 0.00000000E+00 0.00000000E+00
  0.16972381E+01  0.15597633E+02  0.38147706E+01  0.90201721E+01  0.29617591E+00 -0.44758609E+01  0.50508000E+03  7.110
-0.14759326E-16  6.0 0.00000000E+00  0.0 0.00000000E+00  0.0 0.00000000E+00 0.00000000E+00 0.00000000E+00 0.00000000E+00
  0.14487027E+01  0.14887272E+02  0.19739600E+01  0.80374900E+01  0.51684704E+01 -0.37616601E+01  0.80000000E+03  7.110
 0.00000000E+00  0.0 0.00000000E+00  0.0 0.00000000E+00  0.0 0.00000000E+00 0.00000000E+00 0.00000000E+00 0.00000000E+00
  0.17202084E+01  0.15624304E+02  0.68000000E+01  0.00000000E+00  0.00000000E+00  0.00000000E+00  0.30000000E+04  7.110
 0.00000000E+00  0.0 0.00000000E+00  0.0 0.00000000E+00  0.0 0.00000000E+00 0.00000000E+00 0.00000000E+00 0.00000000E+00
V P  0  0  0  0  0  0 0 0 0 0 1.67050000E+01 7.61250000E-05 1.11090000E-08 5.07300000E-03-1.05250000E+00 0.00000000E+00
 0.00000000E+00  0.0 0.00000000E+00  0.0 0.00000000E+00  0.0 0.00000000E+00  0.0 0.00000000E+00  0.0 0.00000000E+00  0.0
 1Li           1 1 1
 2Mg           1 1 1
 3Sn           1 1 1
 4Va           2 1 1
  1  1  4  4 0.60000000E+01 0.60000000E+01 0.60000000E+01 0.60000000E+01
  2  2  4  4 0.60000000E+01 0.60000000E+01 0.60000000E+01 0.60000000E+01
  3  3  4  4 0.60000000E+01 0.60000000E+01 0.60000000E+01 0.60000000E+01
  1  2  4  4 0.60000000E+01 0.40000000E+01 0.48000000E+01 0.48000000E+01
  1  3  4  4 0.40000000E+01 1.20000000E+01 0.60000000E+01 0.60000000E+01
  2  3  4  4 0.40000000E+01 0.80000000E+01 0.53333333E+01 0.53333333E+01
GUTS                  System Li,Mg [2006PJS][2011Jian] Li,Mg,Sn
G P  1  2  4  4  0  0 0 0 0 0-1.30000000E+03 0.94000000E+00 0.00000000E+00 0.00000000E+00 0.00000000E+00 0.00000000E+00
 0.00000000E+00  0.0 0.00000000E+00  0.0 0.00000000E+00  0.0 0.00000000E+00  0.0 0.00000000E+00  0.0 0.00000000E+00  0.0
G P  1  2  4  4  0  0 1 0 0 0-0.22000000E+03 0.15000000E+00 0.00000000E+00 0.00000000E+00 0.00000000E+00 0.00000000E+00
 0.00000000E+00  0.0 0.00000000E+00  0.0 0.00000000E+00  0.0 0.00000000E+00  0.0 0.00000000E+00  0.0 0.00000000E+00  0.0
G P  1  2  4  4  0  0 0 1 0 0 0.60000000E+03-0.54000000E+00 0.00000000E+00 0.00000000E+00 0.00000000E+00 0.00000000E+00
 0.00000000E+00  0.0 0.00000000E+00  0.0 0.00000000E+00  0.0 0.00000000E+00  0.0 0.00000000E+00  0.0 0.00000000E+00  0.0
G P  1  2  4  4  3  0 0 0 1 0 0.00000000E+04-0.00000000E+00 0.00000000E+00 0.00000000E+00 0.00000000E+00 0.00000000E+00
 0.00000000E+00  0.0 0.00000000E+00  0.0 0.00000000E+00  0.0 0.00000000E+00  0.0 0.00000000E+00  0.0 0.00000000E+00  0.0
G P  1  3  4  4  2  0 0 0 1 0 0.00000000E+04 0.00000000E+00 0.00000000E+00 0.00000000E+00 0.00000000E+00 0.00000000E+00
 0.00000000E+00  0.0 0.00000000E+00  0.0 0.00000000E+00  0.0 0.00000000E+00  0.0 0.00000000E+00  0.0 0.00000000E+00  0.0
G P  2  3  4  4  1  0 0 0 1 0 0.00000000E+04-0.00000000E+00 0.00000000E+00 0.00000000E+00 0.00000000E+00 0.00000000E+00
 0.00000000E+00  0.0 0.00000000E+00  0.0 0.00000000E+00  0.0 0.00000000E+00  0.0 0.00000000E+00  0.0 0.00000000E+00  0.0
END
GUTS                  System Li,Sn [2010Jian] (-9400-1.5T) + (1000-2.4T) + (-1000+2.4T) (Sn=79) must be modified
G P  1  3  4  4  0  0 0 0 0 0-0.69000000E+04 0.50000000E+00-0.00000000E+00 0.00000000E+00 0.00000000E+00 0.00000000E+00
 0.00000000E+00  0.0 0.00000000E+00  0.0 0.00000000E+00  0.0 0.00000000E+00  0.0 0.00000000E+00  0.0 0.00000000E+00  0.0
G P  1  3  4  4  0  0 1 0 0 0 0.78500000E+03-0.46000000E+00 0.00000000E+00 0.00000000E+00 0.00000000E+00 0.00000000E+00
 0.00000000E+00  0.0 0.00000000E+00  0.0 0.00000000E+00  0.0 0.00000000E+00  0.0 0.00000000E+00  0.0 0.00000000E+00  0.0
G P  1  3  4  4  0  0 0 1 0 0-0.10000000E+03-0.20000000E+00 0.00000000E+00 0.00000000E+00 0.00000000E+00 0.00000000E+00
 0.00000000E+00  0.0 0.00000000E+00  0.0 0.00000000E+00  0.0 0.00000000E+00  0.0 0.00000000E+00  0.0 0.00000000E+00  0.0
G P  1  3  4  4  0  0 0 2 0 0 0.00000000E+03-0.00000000E+00 0.00000000E+00 0.00000000E+00 0.00000000E+00 0.00000000E+00
 0.00000000E+00  0.0 0.00000000E+00  0.0 0.00000000E+00  0.0 0.00000000E+00  0.0 0.00000000E+00  0.0 0.00000000E+00  0.0
END
GUTS                  System Mg,Sn [2009Kan][2010jian] Mg,Sn,Zn
G P  2  3  4  4  0  0 0 0 0 0-0.36480000E+04-0.21000000E+00 0.00000000E+00 0.00000000E+00 0.00000000E+00 0.00000000E+00
 0.00000000E+00  0.0 0.00000000E+00  0.0 0.00000000E+00  0.0 0.00000000E+00  0.0 0.00000000E+00  0.0 0.00000000E+00  0.0
G P  2  3  4  4  0  0 1 0 0 0 0.08000000E+04 0.10000000E+00 0.00000000E+00 0.00000000E+00 0.00000000E+00 0.00000000E+00
 0.00000000E+00  0.0 0.00000000E+00  0.0 0.00000000E+00  0.0 0.00000000E+00  0.0 0.00000000E+00  0.0 0.00000000E+00  0.0
G P  2  3  4  4  0  0 2 0 0 0-0.00000000E+04 0.00000000E+00 0.00000000E+00 0.00000000E+00 0.00000000E+00 0.00000000E+00
 0.00000000E+00  0.0 0.00000000E+00  0.0 0.00000000E+00  0.0 0.00000000E+00  0.0 0.00000000E+00  0.0 0.00000000E+00  0.0
ENDF    1

FILE    4BCC MAY 28, 1998     20  3  0  3  0  0  4 0.40000000E+00 0.10000000E+01   1.000  0   0    0
BCC_A2 : C, N and B interstitial
N.B. Miscibility gap in e.g. Cr-Fe, Cr-Mo and Hf-Ta subsystems (use [I]-option)
 1Li                          1 3 0 0 0 0 0 0 0 1 0 0 0 0 0 0 0 0.10E+01  0  0  0 0.000E+00
 2Mg                          112 0 0 0 0 0 0 0 1 0 0 0 0 0 0 0 0.10E+01  0  0  0 0.000E+00
 3Sn                          150 0 0 0 0 0 0 0 1 0 0 0 0 0 0 0 0.10E+01  0  0  0 0.000E+00
 1 Li
   1   4   0   0   0  1.000         0.00000000E+00 0.00000000E+00 0.53400000E+00 0.000000E+00 0.000000E+00 0.000000E+00
  1.000000 GHSERLI
 2 Mg
   2   4   0   0   0  1.000         0.00000000E+00 0.00000000E+00 1.74000000E+00 0.000000E+00 0.000000E+00 0.000000E+00
  1.000000 BCC_087    1.000000 GHSERMG
 3 Sn
   3   4   0   0   0  1.000         0.00000000E+00 0.00000000E+00 7.28000000E+00 0.000000E+00 0.000000E+00 0.000000E+00
  1.000000 BCC_165    1.000000 GNEWSN 
   1   3   0   0   0
 1Li           1 0 0
 2Mg           1 0 0
 3Sn           1 0 0
 4Va           2 0 0
 1 1 2 4 0 0 0 0 0-0.41000000E+04 0.16000000E+01 0.00000000E+00 0.00000000E+00 0.00000000E+00 0.00000000E+00 Li-Mg COST-507
 2 1 2 4 0 0 0 0 1-0.80000000E+03 0.30000000E+00 0.00000000E+00 0.00000000E+00 0.00000000E+00 0.00000000E+00 Li-Mg COST-507
 3 1 2 4 0 0 0 0 2 0.80000000E+03 0.00000000E-01 0.00000000E+00 0.00000000E+00 0.00000000E+00 0.00000000E+00 Li-Mg COST-507
ENDF    4
FILE    5BCT MAY 28, 1998     20  3  0  1  0  0  4 0.40000000E+00 0.10000000E+01   1.000  0   0    0
BCT_A5(Sn)                                     
(use [I]-option)
 1Sn                          150 0 0 0 0 0 0 0 1 0 0 0 0 0 0 0 0.10E+01  0  0  0 0.000E+00
 2Mg                          112 0 0 0 0 0 0 0 1 0 0 0 0 0 0 0 0.10E+01  0  0  0 0.000E+00
 3Li                          1 3 0 0 0 0 0 0 0 1 0 0 0 0 0 0 0 0.10E+01  0  0  0 0.000E+00
 1 Sn
   3   4   0   0   0  1.000         0.00000000E+00 0.00000000E+00 7.28000000E+00 0.000000E+00 0.000000E+00 0.000000E+00
  1.000000 GNEWSN
 2 Mg
   2   4   0   0   0  1.000         0.00000000E+00 0.00000000E+00 0.00000000E+00 0.000000E+00 0.000000E+00 0.000000E+00
  1.000000 GHSERMG    3585.400 G_A
 3 Li
   1   4   0   0   0  1.000         0.00000000E+00 0.00000000E+00 0.00000000E+00 0.000000E+00 0.000000E+00 0.000000E+00
  1.000000 GNEWLI     3585.400 G_A
   1   3   0   0   0
 1Li           1 0 0
 2Mg           1 0 0
 3Sn           1 0 0
 4Va           2 0 0
 1 1 2 3 4 0 0 0 0 0.00000000E+03 0.00000000E+00 0.00000000E+00 0.00000000E+00 0.00000000E+00 0.00000000E+00 
ENDF    5

FILE   18L7S2   JUN 2006      12  4  0  4  0  0  4 0.00000000E+00 0.00000000E+00   0.000  4   0    0
Li7Sn2
oC36(use [I]-Option-2010 Jian)  
 1Li7Li2                      3 3 0 0 0 0 0 0 0 9 0 0 0 0 0 0 0 0.10E+01  0  0  0 0.000E+00
 2Li7Sn2                    X11 350 0 0 0 0 0 0 7 2 0 0 0 0 0 0 0.10E+01  0  0  0 0.000E+00
 3Sn7Li2                      1 350 0 0 0 0 0 0 2 7 0 0 0 0 0 0 0.10E+01  0  0  0 0.000E+00
 4Sn7Sn2                      150 0 0 0 0 0 0 0 9 0 0 0 0 0 0 0 0.10E+01  0  0  0 0.000E+00
 1Li:Li
   1   3   0   0   0  1.000         0.00000000E+00 0.00000000E+00 0.00000000E+00 0.000000E+00 0.000000E+00 0.000000E+00
   1.000   0.000   0.000   0.000
 2Li:Sn
   1   4   0   0   0  1.000         0.00000000E+00 0.00000000E+00 0.00000000E+00 0.000000E+00 0.000000E+00 0.000000E+00
   0.000   1.000   0.000   0.000
 3Sn:Li
   2   3   0   0   0  1.000         0.00000000E+00 0.00000000E+00 0.00000000E+00 0.000000E+00 0.000000E+00 0.000000E+00
   0.000   0.000   1.000   0.000
 4Sn:Sn
   2   4   0   0   0  1.000         0.00000000E+00 0.00000000E+00 0.00000000E+00 0.000000E+00 0.000000E+00 0.000000E+00
   0.000   0.000   0.000   1.000
 1Li:Li                       2
  3.58508600E+03  0.00000000E+00  0.00000000E+00  0.00000000E+00  0.00000000E+00  0.00000000E+00  0.00000000E+00       
  0.00000000E+00  0.00000000E+00    0.0000    0.0000    0.0000    0.0000
 -2.14803528E-07  6.26386236E+01  8.37630000E+01 -1.52582399E+02 -6.88310707E+00  2.56446000E+02  4.53600000E+02  0.534
 0.00000000E+00  0.0 0.00000000E+00  0.0 0.00000000E+00  0.0 0.00000000E+00 0.00000000E+00 0.00000000E+00 0.00000000E+00
 -4.83457052E-01  6.12987654E+01  7.08556405E+01 -4.68714149E-01 -1.28675908E+01  1.00152964E-01  3.00000000E+03  0.534
 0.00000000E+00  0.0 0.00000000E+00  0.0 0.00000000E+00  0.0 0.00000000E+00 0.00000000E+00 0.00000000E+00 0.00000000E+00
 2Li:Sn                      5
 -8.99400000E+04  2.10000000E+00  0.00000000E+00  0.00000000E+00  0.00000000E+00  0.00000000E+00  0.00000000E+00       
  0.00000000E+00  0.00000000E+00    0.0000    0.0000    0.0000    0.0000
 -7.26121606E-04  6.02721767E+01  7.75094207E+01 -1.19164540E+02 -5.52981836E+00  2.08615076E+02  2.50000000E+02  2.314
 0.00000000E+00  0.0 0.00000000E+00  0.0 0.00000000E+00  0.0 0.00000000E+00 0.00000000E+00 0.00000000E+00 0.00000000E+00
  0.00000000E+00  6.02747018E+01  7.27785411E+01 -1.00634855E+02 -4.76117591E+00  1.90506278E+02  4.53600000E+02  2.314
 0.00000000E+00  0.0 0.00000000E+00  0.0 0.00000000E+00  0.0 0.00000000E+00 0.00000000E+00 0.00000000E+00 0.00000000E+00
 -3.76021984E-01  5.92325899E+01  6.27394837E+01  1.76757887E+01 -9.41577438E+00 -8.87382505E+00  1.00000000E+03  2.314
 0.00000000E+00  0.0 0.00000000E+00  0.0 0.00000000E+00  0.0 0.00000000E+00 0.00000000E+00 0.00000000E+00 0.00000000E+00
 -1.34338347E+00  5.70496082E+01  7.18871893E+01 -3.64555449E-01 -1.00081262E+01  7.78967495E-02  2.00000000E+03  2.314
 0.00000000E+00  0.0 0.00000000E+00  0.0 0.00000000E+00  0.0 0.00000000E+00 0.00000000E+00 0.00000000E+00 0.00000000E+00
 -1.34338347E+00  5.70496082E+01  7.18871893E+01 -3.64555449E-01 -1.00081262E+01  7.78967495E-02  3.00000000E+03  2.314
 0.00000000E+00  0.0 0.00000000E+00  0.0 0.00000000E+00  0.0 0.00000000E+00 0.00000000E+00 0.00000000E+00 0.00000000E+00
 3Sn:Li                       5
  0.00000000E+03  0.00000000E+00  0.00000000E+00  0.00000000E+00  0.00000000E+00  0.00000000E+00  0.00000000E+00       
  0.00000000E+00  0.00000000E+00    0.0000    0.0000    0.0000    0.0000
 -5.08289898E-03  9.95281436E+01  6.18754723E+01 -3.56198910E+01 -2.14659656E+00  8.90377643E+01  2.50000000E+02  6.029
 0.00000000E+00  0.0 0.00000000E+00  0.0 0.00000000E+00  0.0 0.00000000E+00 0.00000000E+00 0.00000000E+00 0.00000000E+00
 -2.54147336E-03  9.95369815E+01  4.53173939E+01  2.92340048E+01  5.43652008E-01  2.56569737E+01  4.53600000E+02  6.029
 0.00000000E+00  0.0 0.00000000E+00  0.0 0.00000000E+00  0.0 0.00000000E+00 0.00000000E+00 0.00000000E+00 0.00000000E+00
 -1.09976326E-01  9.92392352E+01  4.24490918E+01  6.30370459E+01 -7.86233270E-01 -3.13087701E+01  1.00000000E+03  6.029
 0.00000000E+00  0.0 0.00000000E+00  0.0 0.00000000E+00  0.0 0.00000000E+00 0.00000000E+00 0.00000000E+00 0.00000000E+00
 -3.49574154E+00  9.15987995E+01  7.44660612E+01 -1.04158700E-01 -2.85946463E+00  2.22562141E-02  2.00000000E+03  6.029
 0.00000000E+00  0.0 0.00000000E+00  0.0 0.00000000E+00  0.0 0.00000000E+00 0.00000000E+00 0.00000000E+00 0.00000000E+00
 -3.49574154E+00  9.15987995E+01  7.44660612E+01 -1.04158700E-01 -2.85946463E+00  2.22562141E-02  3.00000000E+03  6.029
 0.00000000E+00  0.0 0.00000000E+00  0.0 0.00000000E+00  0.0 0.00000000E+00 0.00000000E+00 0.00000000E+00 0.00000000E+00
 4Sn:Sn                       3
  3.58508600E+03  0.00000000E+00  0.00000000E+00  0.00000000E+00  0.00000000E+00  0.00000000E+00  0.00000000E+00       
  0.00000000E+00  0.00000000E+00    0.0000    0.0000    0.0000    0.0000
 -6.53509446E-03  1.10068006E+02  5.56218929E+01 -2.20203155E+00 -7.93307839E-01  4.12068399E+01  2.50000000E+02  7.280
 0.00000000E+00  0.0 0.00000000E+00  0.0 0.00000000E+00  0.0 0.00000000E+00 0.00000000E+00 0.00000000E+00 0.00000000E+00
 -3.26754723E-03  1.10079369E+02  3.43329350E+01  8.11815488E+01  2.66558317E+00 -4.02827481E+01  1.00000000E+03  7.280
 0.00000000E+00  0.0 0.00000000E+00  0.0 0.00000000E+00  0.0 0.00000000E+00 0.00000000E+00 0.00000000E+00 0.00000000E+00
 -4.35639425E+00  1.00255952E+02  7.54976099E+01  0.00000000E+00  0.00000000E+00  0.00000000E+00  2.00000000E+03  7.280
 0.00000000E+00  0.0 0.00000000E+00  0.0 0.00000000E+00  0.0 0.00000000E+00 0.00000000E+00 0.00000000E+00 0.00000000E+00
  7   2   0   0   0
 1Li           1 1 1
 2Sn           1 1 1
 3Li           2 1 1
 4Sn           2 1 1
 1 1 2 3 0 0 0 0 0-0.00000000E+04 0.00000000E+00 0.00000000E+00 0.00000000E+00 0.00000000E+00 0.00000000E+00
 2 1 3 4 0 0 0 0 0-0.00000000E+04-0.00000000E+01 0.00000000E+00 0.00000000E+00 0.00000000E+00 0.00000000E+00
 3 1 2 4 0 0 0 0 0-0.00000000E+04 0.00000000E+00 0.00000000E+00 0.00000000E+00 0.00000000E+00 0.00000000E+00
 4 1 2 4 0 0 0 0 1 6.20000000E+04 1.80000000E+01 0.00000000E+00 0.00000000E+00 0.00000000E+00 0.00000000E+00
ENDF   18

FILE   19M2X1   AUG 2010      20  2  0  1  0  0  3 0.00000000E+00 0.00000000E+00   0.000  0   0    0
Mg2X  
(use [I]-Option-2010 Jian)  
 1Li2Sn                       150 3 0 0 0 0 0 0 1 2 0 0 0 0 0 0 0.10E+01  0  0  0 0.000E+00
 2Mg2Sn                       15012 0 0 0 0 0 0 1 2 0 0 0 0 0 0 0.10E+01  0  0  0 0.000E+00
 1 Li2Sn 
   1   3   0   0   0  1.000         0.00000000E+00 0.00000000E+00 0.53400000E+00 0.000000E+00 0.000000E+00 0.000000E+00
  2.000000 GNEWLI     1.000000 GNEWSN     1.000000 GLi2Sn                               
 2 Mg2Sn 
   2   3   0   0   0  1.000         0.00000000E+00 0.00000000E+00 0.00000000E+00 0.000000E+00 0.000000E+00 0.000000E+00
  1.000000 GMg2Sn     1.000000 G_A                          
  2   1   0   0   0
 1Li           1 1 1
 2Mg           1 1 1
 3Sn           2 1 1
 1 1 2 3 0 0 0 0 0-2.90000000E+04 0.00000000E+01 0.00000000E+00 0.00000000E+00 0.00000000E+00 0.00000000E+00
ENDF   19

FILE   20L22X2  AUG 2010      20  2  0  1  0  0  3 0.00000000E+00 0.00000000E+00   0.000  6   0    0
ML22Sn5
(use [I]-Option-2010 Jian)  
 1Li22Sn5                     1 350 0 0 0 0 0 022 5 0 0 0 0 0 0 0.10E+01  0  0  0 0.000E+00
 2Mg22Sn5                     11250 0 0 0 0 0 022 5 0 0 0 0 0 0 0.10E+01  0  0  0 0.000E+00
 1 Li22Sn5
   1   3   0   0   0  1.000         0.00000000E+00 0.00000000E+00 0.53400000E+00 0.000000E+00 0.000000E+00 0.000000E+00
  1.000000 GLi22Sn5
 2 Mg22Sn5
   2   3   0   0   0  1.000         0.00000000E+00 0.00000000E+00 0.53400000E+00 0.000000E+00 0.000000E+00 0.000000E+00
  1.000000 GMg22Sn5   
 22   5   0   0   0
 1Li           1 1 1
 2Mg           1 1 1
 3Sn           2 1 1
 1 1 2 3 0 0 0 0 0-0.80000000E+05-0.00000000E+01 0.00000000E+00 0.00000000E+00 0.00000000E+00 0.00000000E+00
ENDF   20
FILE   21LMS    AUG 2010      20  4  0  4  0  0  5 0.00000000E+00 0.00000000E+00   0.000  0   0    0
Li2MgSn - prototype BiF3
cF16 (use [I]-Option)
 1Li2MgSn                     05012 3 0 0 0 0 0 1 1 2 0 0 0 0 0 0.10E+01  0  0  0 0.100E+08
 2Li2MgLi                     012 3 0 0 0 0 0 0 1 3 0 0 0 0 0 0 0.10E+01  0  0  0 0.100E+08
 3Li2LiSn                     050 3 0 0 0 0 0 0 1 3 0 0 0 0 0 0 0.10E+01  0  0  0 0.100E+08
 4Li2LiLi                     0 3 0 0 0 0 0 0 0 4 0 0 0 0 0 0 0 0.10E+01  0  0  0 0.100E+08
 1 Li2MgSn                     
   1   3   5   0   0  1.000         0.00000000E+00 0.00000000E+00 0.00000000E+00 0.000000E+00 0.000000E+00 0.000000E+00
  2.000000 GNEWLI     1.000000 GHSERMG    1.000000 GNEWSN     1.000000 GLi2MgSn 
 2 Li2MgLi  
   1   3   4   0   0  1.000         0.00000000E+00 0.00000000E+00 0.00000000E+00 0.000000E+00 0.000000E+00 0.000000E+00
  2.000000 GNEWLI     1.000000 GHSERMG    1.000000 GHSERMG    1.000000 GLi2MgLi  
 3 Li2LiSn                
   1   2   5   0   0  1.000         0.00000000E+00 0.00000000E+00 0.00000000E+00 0.000000E+00 0.000000E+00 0.000000E+00
  2.000000 GNEWLI     1.000000 GNEWLI     1.000000 GNEWSN     1.000000 GLi2LiSn
 4 Li2LiLi   
   1   2   4   0   0  1.000         0.00000000E+00 0.00000000E+00 0.00000000E+00 0.000000E+00 0.000000E+00 0.000000E+00
  1.000000 GNEWLI     2.000000 GNEWLI     1.000000 GNEWLI     1.000000 GLi2LiLi
   2   1   1   0   0
 1Li           1 0 0
 2Li           2 0 0
 3Mg           2 0 0
 4Li           3 0 0
 5Sn           3 0 0
 1 1 2 3 5 0 0 0 0-0.44000000E+05 1.21000000E+01 0.00000000E+00 0.00000000E+00 0.00000000E+00 0.00000000E+00
 1 1 2 3 5 0 0 0 1-0.41000000E+05 1.10000000E+01 0.00000000E+00 0.00000000E+00 0.00000000E+00 0.00000000E+00
 2 1 3 4 5 0 0 0 0-0.34000000E+05 1.51000000E+01 0.00000000E+00 0.00000000E+00 0.00000000E+00 0.00000000E+00
 2 1 3 4 5 0 0 0 1-0.31000000E+05 1.40000000E+01 0.00000000E+00 0.00000000E+00 0.00000000E+00 0.00000000E+00
ENDF   21

FILE    3HCP Feb 15  2005     20  3  0  5  0  0  4 0.28000000E+00 0.30000000E+01   1.000  0   0    0
HCP_A3
(use [I]-option)
 1Li                          1 3 0 0 0 0 0 0 0 1 0 0 0 0 0 0 0 0.10E+01  0  0  0 0.000E+00
 2Mg                          112 0 0 0 0 0 0 0 1 0 0 0 0 0 0 0 0.10E+01  0  0  0 0.000E+00
 3Sn                          150 0 0 0 0 0 0 0 1 0 0 0 0 0 0 0 0.10E+01  0  0  0 0.000E+00
 1Li
   1   4   0   0   0  1.000         0.00000000E+00 0.00000000E+00 0.53400000E+00 0.000000E+00 0.000000E+00 0.000000E+00
  1.000000 HCP_075    1.000000 GNEWLI
 2Mg
   2   4   0   0   0  1.000         0.00000000E+00 0.00000000E+00 1.74000000E+00 0.000000E+00 0.000000E+00 0.000000E+00
  1.000000 GHSERMG
 3Sn
   3   4   0   0   0  1.000         0.00000000E+00 0.00000000E+00 7.28000000E+00 0.000000E+00 0.000000E+00 0.000000E+00
  1.000000 HCP_132    1.000000 GNEWSN
  1   3   0   0   0
 1Li           1 0 0
 2Mg           1 0 0
 3Sn           1 0 0
 4Va           2 0 0
 1 1 2 4 0 0 0 0 0-0.16000000E+04 0.12000000E+00 0.00000000E+00 0.00000000E+00 0.00000000E+00 0.00000000E+00 Li-Mg COST-507
 2 1 2 4 0 0 0 0 1-0.94000000E+03 0.00000000E+00 0.00000000E+00 0.00000000E+00 0.00000000E+00 0.00000000E+00 Li-Mg COST-507
 3 1 2 4 0 0 0 0 2 0.98000000E+03 0.00000000E+00 0.00000000E+00 0.00000000E+00 0.00000000E+00 0.00000000E+00 Li-Mg COST-507
 4 2 3 4 0 0 0 0 0-0.00000000E+04-0.00000000E+00 0.00000000E+00 0.00000000E+00 0.00000000E+00 0.00000000E+00 Mg-Sn [2008Kan] compatible with SGTE Sn(HCP)
 5 2 3 4 0 0 0 0 1 0.11500000E+05 0.00000000E+00 0.00000000E+00 0.00000000E+00 0.00000000E+00 0.00000000E+00 Mg-Sn [2008Kan] compatible with SGTE Sn(HCP)
ENDF    3